Quizzes Midterms Homework Final
Smith, John
11211
100	100	100
100	100	100
100	100	100
100	-1	-1
Gassner, Brunilda
12764
0	87.5	90
-1	93.1	-1
80.62	89.3	96.7
93	-1	-1
Kelch, Madalene 
11929
90	93.8	85
85.5	91.6	-1
96.12	84.5	77.6
102	-1	-1
Callison, Filiberto 
12178
90	81.3	70
89.3	89.3	-1
96.12	87.5	89.5
87	-1	-1
Stockstill, Elizabeth
12591
80	87.5	100
95.4	87	-1
82.95	85.4	96.7
98	-1	-1
Pascale, Dara 
11629
90	87.5	100
85.5	84	-1
91.47	81.8	72.4
90	-1	-1
Radcliff, Trinity 
10983
100	75	70
96.9	67.9	-1
91.86	84.5	82.2
101	-1	-1
Malcom, Sammie 
11884
80	81.3	0
86.3	85.5	-1
86.05	82.1	69.7
90	-1	-1
Rohan, Vikki 
12097
90	81.3	70
85.5	93.1	-1
96.12	80.9	69.7
100	-1	-1
Brunke, Eufemia 
12080
90	75	100
84	82.4	-1
97.67	88.4	77.6
104	-1	-1
Mancilla, Sarai 
12150
90	68.8	80
101.5	96.9	-1
82.56	85.7	92.8
90	-1	-1
Vo, Soledad 
12075
80	68.8	75
-1	-1	-1
88.37	82.1	74.3
84	-1	-1
Bleich, Kayleigh 
11811
0	87.5	100
87.8	100.8	-1
93.8	83	90.8
99	-1	-1
Paniagua, Danae 
13085
70	75	10
51.9	87.8	-1
74.42	61.9	42.1
33	-1	-1
Hanselman, Melodi 
11800
90	81.3	90
78.6	90.1	-1
93.02	93.5	0
81	-1	-1
Boaz, Kathie 
13115
90	81.3	90
87	74	-1
97.67	90.2	86.8
92	-1	-1
Maggio, Leoma 
11951
90	81.3	100
81.7	74.8	-1
97.67	84.2	90.8
100	-1	-1
Gregorich, Deeanna 
11828
90	87.5	80
100	100.8	-1
100	77.1	96.7
101	-1	-1
Bayles, Lea 
12163
100	87.5	60
103.1	90.1	-1
94.57	82.1	92.1
93	-1	-1
Rosengarten, Horace 
12082
80	100	100
89.3	98.5	-1
80.62	80.4	87.5
89	-1	-1
Luedke, Hilton 
11805
80	62.5	0
47.3	48.9	-1
0	31.8	27.6
53	-1	-1
Salo, Gonzalo 
12149
90	100	100
107.6	76.3	-1
97.48	85.4	92.1
104	-1	-1
Commons, Corey 
9058
90	81.3	100
91.6	84	-1
96.12	86	93.4
107	-1	-1
Gershman, Jeane 
10843
50	81.3	60
50.4	98.5	-1
78.29	73.2	0
42	-1	-1
Degenhardt, 
11675
90	87.5	100
96.2	71	-1
100	86.6	92.8
108	-1	-1
Hargett, Denice 
13128
80	75	100
90.1	73.3	-1
96.12	86.3	79.6
90	-1	-1
Gilliard, Lavette 
3570
100	87.5	100
76.3	96.9	-1
83.33	65.5	0
53	-1	-1
Lim, Caleb 
9871
80	81.3	10
72.2	86.3	-1
66.67	72.3	60.5
72	-1	-1
Melchior, Lakesha 
11170
90	81.3	90
68.7	72.5	-1
85.27	89.3	93.4
101	-1	-1
Calcagno, Dani 
12052
90	87.5	100
107.6	84	-1
84.5	81.3	92.1
106	-1	-1
Start, Mary Alice
11714
90	93.8	85
88.5	99.2	-1
92.25	65.6	78.3
105	-1	-1
Marcinkowski, Clarita 
11756
100	81.3	100
99.2	87	-1
100	90.2	92.1
103	-1	-1
Rogowski, Leonore 
11777
90	93.8	80
91.6	100.8	-1
86.05	88.1	86.1
100	-1	-1
Longoria, Rico 
12016
90	93.8	0
88.9	103.8	-1
90.7	85.4	82.9
102	-1	-1
Faison, Darwin 
11836
90	0	0
82.4	92.4	-1
0	0	16.4
41	-1	-1
McKnight, Sol 
13147
100	93.8	80
75.2	76.3	-1
88.37	86.3	66.4
89	-1	-1
Loiacono, Lexie 
11952
90	100	90
80.2	102.3	-1
88.76	60.4	80.2
79	-1	-1
Gong, Jenniffer 
11963
70	87.5	90
101.5	87	-1
82.95	71.4	78.9
97	-1	-1
Carriere, Torie 
4782
90	87.5	85
80.2	88.5	-1
94.19	87.5	92.4
102	-1	-1
Nieto, Jerrie 
13120
0	75	100
79.4	67.9	-1
84.5	84.8	78.9
89.5	-1	-1
Lichtman, Crystal 
11684
90	81.3	100
95.4	92.3	-1
96.12	86.9	92.8
104	-1	-1
Von deHaar, Mary
15999
95	86.3	100
-1	-1	-1
96.12	86.9	92.8
104	-1	-1
